-0.000125,-0.0893125
0.000125,-0.0898438
0.000375,-0.0894375
0.000625,-0.0899687
0.000875,-0.0893437
0.001125,-0.09
0.001375,-0.0896562
0.001625,-0.0894063
0.001875,-0.0894687
0.002125,-0.08925
0.002375,-0.0895625
0.002625,-0.0890938
0.002875,-0.0899063
0.003125,-0.0894063
0.003375,-0.0899375
0.003625,-0.0894687
0.003875,-0.089875
0.004125,-0.0894063
0.004375,-0.0892188
0.004625,-0.0895938
0.004875,-0.089
0.005125,-0.0896562
0.005375,-0.0894687
0.005625,-0.0897812
0.005875,-0.0893125
0.006125,-0.0896875
0.006375,-0.089375
0.006625,-0.0897812
0.006875,-0.0894687
0.007125,-0.09
0.007375,-0.0894687
0.007625,-0.0893437
0.007875,-0.0893437
0.008125,-0.0890938
0.008375,-0.0895625
0.008625,-0.0892813
0.008875,-0.0895625
0.009125,-0.089375
0.009375,-0.0896875
0.009625,-0.0892813
0.009875,-0.0791875
0.010125,-0.0750938
0.010375,-0.071875
0.010625,-0.0676562
0.010875,-0.064
0.011125,-0.06025
0.011375,-0.0560312
0.011625,-0.051
0.011875,-0.0482187
0.012125,0.0373125
0.012375,0.0343125
0.012625,0.0267188
0.012875,0.0205625
0.013125,0.0145
0.013375,0.0104063
0.013625,0.0065
0.013875,0.00353125
0.014125,0.00121875
0.014375,-0.00096875
0.014625,-0.00221875
0.014875,-0.00403125
0.015125,-0.00478125
0.015375,-0.0064375
0.015625,-0.00684375
0.015875,-0.0081875
0.016125,-0.0085
0.016375,-0.00978125
0.016625,-0.00984375
0.016875,-0.011
0.017125,-0.0110937
0.017375,-0.0115625
0.017625,-0.0122188
0.017875,-0.0120937
0.018125,-0.0130312
0.018375,-0.012625
0.018625,-0.0135312
0.018875,-0.0130312
0.019125,-0.0138437
0.019375,-0.0135625
0.019625,-0.0142188
0.019875,-0.0138437
0.020125,-0.0136563
0.020375,-0.0136563
0.020625,-0.0135312
0.020875,-0.0139375
0.021125,-0.0133437
0.021375,-0.0134062
0.021625,-0.0131563
0.021875,-0.0135
0.022125,-0.0130937
0.022375,-0.0134687
0.022625,-0.012875
0.022875,-0.0130312
0.023125,-0.0125
0.023375,-0.0121562
0.023625,-0.0122813
0.023875,-0.0116562
0.024125,-0.0120937
0.024375,-0.0114688
0.024625,-0.0116562
0.024875,-0.0110625
0.025125,-0.0114375
0.025375,-0.0105937
0.025625,-0.0111562
0.025875,-0.0105313
0.026125,-0.0109375
0.026375,-0.00996875
0.026625,-0.00959375
0.026875,-0.00975
0.027125,-0.00915625
0.027375,-0.0094375
0.027625,-0.009
0.027875,-0.0090625
0.028125,-0.0085
0.028375,-0.00865625
0.028625,-0.00809375
0.028875,-0.00834375
0.029125,-0.00759375
0.029375,-0.00796875
0.029625,-0.0071875
0.029875,-0.007
0.030125,-0.00671875
0.030375,-0.006125
0.030625,-0.0066875
0.030875,-0.005875
0.031125,-0.006
0.031375,-0.0054375
0.031625,-0.00584375
0.031875,-0.005125
0.032125,-0.00521875
0.032375,-0.00459375
0.032625,-0.00478125
0.032875,-0.00428125
0.033125,-0.00403125
0.033375,-0.00390625
0.033625,-0.00334375
0.033875,-0.0034375
0.034125,-0.00284375
0.034375,-0.0030625
0.034625,-0.0025
0.034875,-0.003
0.035125,-0.002
0.035375,-0.00234375
0.035625,-0.001625
0.035875,-0.00196875
0.036125,-0.00115625
0.036375,-0.00084375
0.036625,-0.00090625
0.036875,-0.00059375
0.037125,-0.00090625
0.037375,-0.0001875
0.037625,-0.00046875
0.037875,0.00021875
0.038125,-0.0001875
0.038375,0.00059375
0.038625,0.00015625
0.038875,0.0009375
0.039125,0.00046875
0.039375,0.00103125
0.039625,0.00175
0.039875,0.0014375
0.040125,0.00178125
0.040375,0.0018125
0.040625,0.0020625
0.040875,0.0019375
0.041125,0.002625
0.041375,0.0020625
0.041625,0.00265625
0.041875,0.0021875
0.042125,0.00284375
0.042375,0.00259375
0.042625,0.0030625
0.042875,0.00328125
0.043125,0.0031875
0.043375,0.0038125
0.043625,0.00334375
0.043875,0.00396875
0.044125,0.00365625
0.044375,0.00409375
0.044625,0.00378125
0.044875,0.00434375
0.045125,0.0038125
0.045375,0.004375
0.045625,0.0040625
0.045875,0.00478125
0.046125,0.004875
0.046375,0.00490625
0.046625,0.00546875
0.046875,0.00478125
0.047125,0.0055
0.047375,0.0050625
0.047625,0.00575
0.047875,0.00525
0.048125,0.006
0.048375,0.0053125
0.048625,0.006
0.048875,0.0055
0.049125,0.006
0.049375,0.00603125
0.049625,0.00609375
0.049875,0.00646875
0.050125,0.006375
0.050375,0.006625
0.050625,0.00640625
0.050875,0.0071875
0.051125,0.00628125
0.051375,0.00690625
0.051625,0.00646875
0.051875,0.007
0.052125,0.00675
0.052375,0.00696875
0.052625,0.006875
0.052875,0.007
0.053125,0.00715625
0.053375,0.00690625
0.053625,0.0074375
0.053875,0.007125
0.054125,0.00765625
0.054375,0.00703125
0.054625,0.00775
0.054875,0.00721875
0.055125,0.007625
0.055375,0.00725
0.055625,0.00753125
0.055875,0.0076875
0.056125,0.00778125
0.056375,0.00803125
0.056625,0.0076875
0.056875,0.0080625
0.057125,0.00784375
0.057375,0.00815625
0.057625,0.00771875
0.057875,0.008125
0.058125,0.0076875
0.058375,0.00825
0.058625,0.008125
0.058875,0.008
0.059125,0.008375
0.059375,0.00821875
0.059625,0.00846875
0.059875,0.00840625
0.060125,0.0088125
0.060375,0.0081875
0.060625,0.00871875
0.060875,0.00825
0.061125,0.0086875
0.061375,0.00828125
0.061625,0.008875
0.061875,0.009
0.062125,0.00865625
0.062375,0.00909375
0.062625,0.008625
0.062875,0.00928125
0.063125,0.00884375
0.063375,0.00915625
0.063625,0.0086875
0.063875,0.0093125
0.064125,0.008875
0.064375,0.00915625
0.064625,0.0085
0.064875,0.0090625
0.065125,0.00921875
0.065375,0.00915625
0.065625,0.009375
0.065875,0.00890625
0.066125,0.009875
0.066375,0.0089375
0.066625,0.00953125
0.066875,0.00884375
0.067125,0.00934375
0.067375,0.0089375
0.067625,0.0093125
0.067875,0.008625
0.068125,0.00915625
0.068375,0.00946875
0.068625,0.00921875
0.068875,0.00959375
0.069125,0.00915625
0.069375,0.0095625
0.069625,0.00903125
0.069875,0.0095625
0.070125,0.009
0.070375,0.0095
0.070625,0.009
0.070875,0.0094375
0.071125,0.00890625
0.071375,0.0095
0.071625,0.00928125
0.071875,0.00915625
0.072125,0.00940625
0.072375,0.00909375
0.072625,0.00975
0.072875,0.00909375
0.073125,0.0095625
0.073375,0.00890625
0.073625,0.00953125
0.073875,0.009
0.074125,0.00928125
0.074375,0.0086875
0.074625,0.00915625
0.074875,0.009375
0.075125,0.00925
0.075375,0.00975
0.075625,0.00909375
0.075875,0.00946875
0.076125,0.009
0.076375,0.00953125
0.076625,0.008875
0.076875,0.0095
0.077125,0.00871875
0.077375,0.0095625
0.077625,0.00875
0.077875,0.009375
0.078125,0.009375
0.078375,0.00928125
0.078625,0.00959375
0.078875,0.0090625
0.079125,0.0095625
0.079375,0.00878125
0.079625,0.00959375
0.079875,0.00903125
0.080125,0.00925
0.080375,0.00896875
0.080625,0.0094375
0.080875,0.0091875
0.081125,0.00946875
0.081375,0.00946875
0.081625,0.00925
0.081875,0.00946875
0.082125,0.009
0.082375,0.0095625
0.082625,0.009
0.082875,0.00984375
0.083125,0.0089375
0.083375,0.00934375
0.083625,0.00871875
0.083875,0.00903125
0.084125,0.0091875
0.084375,0.00909375
0.084625,0.009
0.084875,0.0088125
0.085125,0.00940625
0.085375,0.009
0.085625,0.00940625
0.085875,0.00890625
0.086125,0.009375
0.086375,0.0088125
0.086625,0.0093125
0.086875,0.00871875
0.087125,0.0091875
0.087375,0.0086875
0.087625,0.009
0.087875,0.0090625
0.088125,0.00896875
0.088375,0.00915625
0.088625,0.00878125
0.088875,0.00928125
0.089125,0.00865625
0.089375,0.00925
0.089625,0.0089375
0.089875,0.009125
0.090125,0.0085625
0.090375,0.0090625
0.090625,0.0085
0.090875,0.00909375
0.091125,0.00884375
0.091375,0.00875
0.091625,0.009
0.091875,0.0088125
0.092125,0.009
0.092375,0.0086875
0.092625,0.00928125
0.092875,0.00846875
0.093125,0.008875
0.093375,0.0085
0.093625,0.00884375
0.093875,0.009
0.094125,0.0089375
0.094375,0.0090625
0.094625,0.00871875
0.094875,0.009
0.095125,0.00846875
0.095375,0.00896875
0.095625,0.00859375
0.095875,0.009
0.096125,0.0083125
0.096375,0.00890625
0.096625,0.008375
0.096875,0.00871875
0.097125,0.00875
0.097375,0.0085
0.097625,0.008625
0.097875,0.0085
0.098125,0.00871875
0.098375,0.0085
0.098625,0.0086875
0.098875,0.0085
0.099125,0.008625
0.099375,0.00809375
0.099625,0.00875
0.099875,0.00790625
0.100125,0.00853125
0.100375,0.0085
0.100625,0.00815625
0.100875,0.00859375
0.101125,0.00846875
0.101375,0.0085625
0.101625,0.0080625
0.101875,0.0085
0.102125,0.0079375
0.102375,0.0084375
0.102625,0.00784375
0.102875,0.00834375
0.103125,0.0075
0.103375,0.00809375
0.103625,0.0080625
0.103875,0.008
0.104125,0.0085625
0.104375,0.007875
0.104625,0.0085
0.104875,0.0078125
0.105125,0.00825
0.105375,0.00759375
0.105625,0.0081875
0.105875,0.007625
0.106125,0.00803125
0.106375,0.0075625
0.106625,0.00803125
0.106875,0.0080625
0.107125,0.00784375
0.107375,0.00784375
0.107625,0.007625
0.107875,0.00778125
0.108125,0.007625
0.108375,0.00778125
0.108625,0.00740625
0.108875,0.00778125
0.109125,0.00725
0.109375,0.00759375
0.109625,0.0070625
0.109875,0.0075
0.110125,0.007375
0.110375,0.0073125
0.110625,0.00746875
0.110875,0.0073125
0.111125,0.0075
0.111375,0.007125
0.111625,0.0075
0.111875,0.00675
0.112125,0.0075625
0.112375,0.00665625
0.112625,0.007125
0.112875,0.00690625
0.113125,0.007
0.113375,0.007
0.113625,0.00684375
0.113875,0.007
0.114125,0.00696875
0.114375,0.0071875
0.114625,0.0066875
0.114875,0.00709375
0.115125,0.00634375
0.115375,0.00709375
0.115625,0.00646875
0.115875,0.00696875
0.116125,0.00646875
0.116375,0.0066875
0.116625,0.00675
0.116875,0.0065
0.117125,0.0068125
0.117375,0.0063125
0.117625,0.007
0.117875,0.006125
0.118125,0.00703125
0.118375,0.00609375
0.118625,0.00678125
0.118875,0.00609375
0.119125,0.00653125
0.119375,0.0063125
0.119625,0.006375
0.119875,0.0065
0.120125,0.00625
0.120375,0.0065
0.120625,0.0061875
0.120875,0.0063125
0.121125,0.00596875
0.121375,0.00615625
0.121625,0.00559375
0.121875,0.00625
0.122125,0.0055625
0.122375,0.00596875
0.122625,0.00609375
0.122875,0.00590625
0.123125,0.00609375
0.123375,0.00578125
0.123625,0.006125
0.123875,0.00565625
0.124125,0.00603125
0.124375,0.0055
0.124625,0.0059375
0.124875,0.00540625
0.125125,0.00559375
0.125375,0.00509375
0.125625,0.0055
0.125875,0.0056875
0.126125,0.0055625
0.126375,0.00546875
0.126625,0.00515625
0.126875,0.00553125
0.127125,0.00515625
0.127375,0.00559375
0.127625,0.00503125
0.127875,0.0055625
0.128125,0.005
0.128375,0.0054375
0.128625,0.00484375
0.128875,0.00515625
0.129125,0.00540625
0.129375,0.0051875
0.129625,0.005125
0.129875,0.0048125
0.130125,0.00509375
0.130375,0.0046875
0.130625,0.00503125
0.130875,0.0046875
0.131125,0.005
0.131375,0.00459375
0.131625,0.00496875
0.131875,0.00440625
0.132125,0.00475
0.132375,0.0048125
0.132625,0.00459375
0.132875,0.005
0.133125,0.0045
0.133375,0.004875
0.133625,0.0043125
0.133875,0.0048125
0.134125,0.0040625
0.134375,0.0045625
0.134625,0.00403125
0.134875,0.0045625
0.135125,0.00371875
0.135375,0.00415625
0.135625,0.00440625
0.135875,0.00415625
0.136125,0.00471875
0.136375,0.004125
0.136625,0.00421875
0.136875,0.00384375
0.137125,0.0043125
0.137375,0.0038125
0.137625,0.00421875
0.137875,0.00353125
0.138125,0.00415625
0.138375,0.0034375
0.138625,0.0039375
0.138875,0.00390625
0.139125,0.00371875
0.139375,0.00421875
0.139625,0.0035
0.139875,0.004125
0.140125,0.00328125
0.140375,0.00384375
0.140625,0.00340625
0.140875,0.00375
0.141125,0.0030625
0.141375,0.00353125
0.141625,0.003
0.141875,0.00334375
0.142125,0.00315625
0.142375,0.00325
0.142625,0.00334375
0.142875,0.00303125
0.143125,0.0035625
0.143375,0.0030625
0.143625,0.00346875
0.143875,0.0028125
0.144125,0.0035
0.144375,0.00265625
0.144625,0.00303125
0.144875,0.0025
0.145125,0.0028125
0.145375,0.0025
0.145625,0.00275
0.145875,0.00290625
0.146125,0.0025
0.146375,0.00290625
0.146625,0.00221875
0.146875,0.00325
0.147125,0.00228125
0.147375,0.00284375
0.147625,0.00209375
0.147875,0.00265625
0.148125,0.0021875
0.148375,0.0024375
0.148625,0.00240625
0.148875,0.0021875
0.149125,0.00259375
0.149375,0.00215625
0.149625,0.002375
0.149875,0.002
0.150125,0.00225
0.150375,0.00184375
0.150625,0.002375
0.150875,0.0016875
0.151125,0.00221875
0.151375,0.00215625
0.151625,0.00184375
0.151875,0.00215625
0.152125,0.00178125
0.152375,0.002
0.152625,0.0015625
0.152875,0.00203125
0.153125,0.0015
0.153375,0.00190625
0.153625,0.0013125
0.153875,0.00175
0.154125,0.00125
0.154375,0.00153125
0.154625,0.00146875
0.154875,0.0015
0.155125,0.001875
0.155375,0.00115625
0.155625,0.00165625
0.155875,0.001
0.156125,0.0014375
0.156375,0.001
0.156625,0.0015
0.156875,0.00096875
0.157125,0.00134375
0.157375,0.00075
0.157625,0.00125
0.157875,0.001375
0.158125,0.0010625
0.158375,0.00140625
0.158625,0.0009375
0.158875,0.001125
0.159125,0.00075
0.159375,0.001
0.159625,0.0005625
0.159875,0.001
0.160125,3.125e-05
0.160375,0.00090625
0.160625,0.000375
0.160875,0.00059375
0.161125,0.00084375
0.161375,0.00075
0.161625,0.001
0.161875,0.00046875
0.162125,0.00078125
0.162375,0.00025
0.162625,0.000625
0.162875,3.125e-05
0.163125,0.00071875
0.163375,3.125e-05
0.163625,0.0005
0.163875,-0.0001875
0.164125,0.00034375
0.164375,0.00015625
0.164625,0.0001875
0.164875,0.0005
0.165125,0
0.165375,0.0005
0.165625,-0.00015625
0.165875,0.00021875
0.166125,-0.00046875
0.166375,0.00015625
0.166625,-0.00034375
0.166875,3.125e-05
0.167125,-0.00075
0.167375,-0.00015625
0.167625,-0.00028125
0.167875,-0.00028125
0.168125,6.25e-05
0.168375,-0.0004375
0.168625,-0.00028125
0.168875,-0.0005
0.169125,-0.0001875
0.169375,-0.00090625
0.169625,-0.000375
0.169875,-0.00115625
0.170125,-0.0005
0.170375,-0.001
0.170625,-0.0006875
0.170875,-0.00078125
0.171125,-0.00071875
0.171375,-0.000625
0.171625,-0.0010625
0.171875,-0.00075
0.172125,-0.00121875
0.172375,-0.00078125
0.172625,-0.00128125
0.172875,-0.0008125
0.173125,-0.00146875
0.173375,-0.0008125
0.173625,-0.00096875
0.173875,-0.00115625
0.174125,-0.001
0.174375,-0.00134375
0.174625,-0.00096875
0.174875,-0.00128125
0.175125,-0.001
0.175375,-0.00146875
0.175625,-0.00109375
0.175875,-0.00165625
0.176125,-0.0015
0.176375,-0.0019375
0.176625,-0.00115625
0.176875,-0.00125
0.177125,-0.001375
0.177375,-0.00125
0.177625,-0.001625
0.177875,-0.001125
0.178125,-0.00171875
0.178375,-0.00134375
0.178625,-0.00178125
0.178875,-0.00128125
0.179125,-0.00196875
0.179375,-0.00171875
0.179625,-0.002
0.179875,-0.0015
0.180125,-0.0018125
0.180375,-0.00178125
0.180625,-0.0015625
0.180875,-0.00196875
0.181125,-0.00146875
0.181375,-0.0020625
0.181625,-0.00165625
0.181875,-0.00234375
0.182125,-0.0018125
0.182375,-0.00234375
0.182625,-0.00190625
0.182875,-0.0018125
0.183125,-0.002
0.183375,-0.00184375
0.183625,-0.00209375
0.183875,-0.0019375
0.184125,-0.00265625
0.184375,-0.002
0.184625,-0.00228125
0.184875,-0.00203125
0.185125,-0.0024375
0.185375,-0.002
0.185625,-0.00253125
0.185875,-0.00228125
0.186125,-0.00221875
0.186375,-0.0023125
0.186625,-0.00246875
0.186875,-0.002375
0.187125,-0.00228125
0.187375,-0.00253125
0.187625,-0.0021875
0.187875,-0.00275
0.188125,-0.0023125
0.188375,-0.00296875
0.188625,-0.0024375
0.188875,-0.003
0.189125,-0.00253125
0.189375,-0.00265625
0.189625,-0.00265625
0.189875,-0.00265625
0.190125,-0.00278125
0.190375,-0.0025
0.190625,-0.00303125
0.190875,-0.00253125
0.191125,-0.00309375
0.191375,-0.00271875
0.191625,-0.0035625
0.191875,-0.0028125
0.192125,-0.00346875
0.192375,-0.003
0.192625,-0.00275
0.192875,-0.003125
0.193125,-0.00290625
0.193375,-0.0033125
0.193625,-0.0030625
0.193875,-0.0035
0.194125,-0.003
0.194375,-0.0035
0.194625,-0.00328125
0.194875,-0.00365625
0.195125,-0.00315625
0.195375,-0.00384375
0.195625,-0.00325
0.195875,-0.00340625
0.196125,-0.003375
0.196375,-0.00346875
0.196625,-0.0035625
0.196875,-0.0035
0.197125,-0.00378125
0.197375,-0.0035625
0.197625,-0.0039375
0.197875,-0.00353125
0.198125,-0.0039375
0.198375,-0.00359375
0.198625,-0.00415625
0.198875,-0.00365625
0.199125,-0.00378125
0.199375,-0.003875
0.199625,-0.00365625
0.199875,-0.00415625
0.200125,-0.00346875
0.200375,-0.0043125
0.200625,-0.00396875
0.200875,-0.00446875
0.201125,-0.0040625
0.201375,-0.00471875
0.201625,-0.0043125
0.201875,-0.00478125
0.202125,-0.00434375
0.202375,-0.0044375
0.202625,-0.00453125
0.202875,-0.00440625
0.203125,-0.00478125
0.203375,-0.00440625
0.203625,-0.00465625
0.203875,-0.00434375
0.204125,-0.005
0.204375,-0.0045
0.204625,-0.00525
0.204875,-0.00475
0.205125,-0.00534375
0.205375,-0.0048125
0.205625,-0.00484375
0.205875,-0.00490625
0.206125,-0.00453125
0.206375,-0.00515625
0.206625,-0.00478125
0.206875,-0.00540625
0.207125,-0.004875
0.207375,-0.0055
0.207625,-0.00496875
0.207875,-0.0056875
0.208125,-0.005
0.208375,-0.00578125
0.208625,-0.00509375
0.208875,-0.00528125
0.209125,-0.00546875
0.209375,-0.00528125
0.209625,-0.0056875
0.209875,-0.0053125
0.210125,-0.00584375
0.210375,-0.00521875
0.210625,-0.00596875
0.210875,-0.0055625
0.211125,-0.00603125
0.211375,-0.00565625
0.211625,-0.00565625
0.211875,-0.0056875
0.212125,-0.00534375
0.212375,-0.005875
0.212625,-0.005625
0.212875,-0.0060625
0.213125,-0.00571875
0.213375,-0.00640625
0.213625,-0.00565625
0.213875,-0.00628125
0.214125,-0.00571875
0.214375,-0.00634375
0.214625,-0.005875
0.214875,-0.006
0.215125,-0.00621875
0.215375,-0.00615625
0.215625,-0.00609375
0.215875,-0.00596875
0.216125,-0.0064375
0.216375,-0.00590625
0.216625,-0.00646875
0.216875,-0.00590625
0.217125,-0.0065625
0.217375,-0.00615625
0.217625,-0.006625
0.217875,-0.0063125
0.218125,-0.00628125
0.218375,-0.00646875
0.218625,-0.00615625
0.218875,-0.00671875
0.219125,-0.00646875
0.219375,-0.00665625
0.219625,-0.0065
0.219875,-0.0068125
0.220125,-0.006375
0.220375,-0.007
0.220625,-0.00659375
0.220875,-0.00709375
0.221125,-0.00684375
0.221375,-0.00678125
0.221625,-0.00703125
0.221875,-0.0063125
0.222125,-0.007
0.222375,-0.0065625
0.222625,-0.00728125
0.222875,-0.006875
0.223125,-0.0073125
0.223375,-0.0068125
0.223625,-0.0074375
0.223875,-0.0069375
0.224125,-0.0074375
0.224375,-0.00709375
0.224625,-0.00715625
0.224875,-0.0071875
0.225125,-0.00696875
0.225375,-0.00734375
0.225625,-0.00684375
0.225875,-0.0074375
0.226125,-0.007
0.226375,-0.00765625
0.226625,-0.00746875
0.226875,-0.0075625
0.227125,-0.0073125
0.227375,-0.0080625
0.227625,-0.0075625
0.227875,-0.00753125
0.228125,-0.00765625
0.228375,-0.0073125
0.228625,-0.00753125
0.228875,-0.00740625
0.229125,-0.0078125
0.229375,-0.00734375
0.229625,-0.008125
0.229875,-0.0075
0.230125,-0.00809375
0.230375,-0.0074375
0.230625,-0.0079375
0.230875,-0.00784375
0.231125,-0.00775
0.231375,-0.00803125
0.231625,-0.0075
0.231875,-0.0080625
0.232125,-0.00771875
0.232375,-0.00821875
0.232625,-0.00790625
0.232875,-0.0084375
0.233125,-0.00796875
0.233375,-0.0085
0.233625,-0.0079375
0.233875,-0.00803125
0.234125,-0.0081875
0.234375,-0.00825
0.234625,-0.00815625
0.234875,-0.0081875
0.235125,-0.00853125
0.235375,-0.00796875
0.235625,-0.00859375
0.235875,-0.008
0.236125,-0.00878125
0.236375,-0.00815625
0.236625,-0.0089375
0.236875,-0.0083125
0.237125,-0.00903125
0.237375,-0.00840625
0.237625,-0.0086875
0.237875,-0.00865625
0.238125,-0.00840625
0.238375,-0.008875
0.238625,-0.00828125
0.238875,-0.00896875
0.239125,-0.00846875
0.239375,-0.009
0.239625,-0.0084375
0.239875,-0.0090625
0.240125,-0.00875
0.240375,-0.009
0.240625,-0.00909375
0.240875,-0.009
0.241125,-0.00915625
0.241375,-0.00871875
0.241625,-0.0090625
0.241875,-0.00865625
0.242125,-0.00915625
0.242375,-0.00878125
0.242625,-0.00953125
0.242875,-0.00878125
0.243125,-0.0095
0.243375,-0.00896875
0.243625,-0.0088125
0.243875,-0.00909375
0.244125,-0.00865625
0.244375,-0.00928125
0.244625,-0.00884375
0.244875,-0.0094375
0.245125,-0.00915625
0.245375,-0.009625
0.245625,-0.00946875
0.245875,-0.0098125
0.246125,-0.00940625
0.246375,-0.0099375
0.246625,-0.0094375
0.246875,-0.00915625
0.247125,-0.00965625
0.247375,-0.00903125
0.247625,-0.009875
0.247875,-0.00921875
0.248125,-0.01
0.248375,-0.00921875
0.248625,-0.0100938
0.248875,-0.0095
0.249125,-0.0100938
0.249375,-0.009875
0.249625,-0.0102812
0.249875,-0.0098125
0.250125,-0.0102187
0.250375,-0.0099375
0.250625,-0.00971875
0.250875,-0.01
0.251125,-0.00959375
0.251375,-0.0103438
0.251625,-0.0096875
0.251875,-0.0103438
0.252125,-0.00996875
0.252375,-0.0105625
0.252625,-0.01
0.252875,-0.01
0.253125,-0.0101875
0.253375,-0.0100625
0.253625,-0.0102187
0.253875,-0.010125
0.254125,-0.0105
0.254375,-0.0100625
0.254625,-0.0106875
0.254875,-0.0101562
0.255125,-0.0107187
0.255375,-0.0102812
0.255625,-0.0109375
0.255875,-0.0104688
0.256125,-0.0109063
0.256375,-0.0106562
0.256625,-0.0105313
0.256875,-0.0105
0.257125,-0.0105
0.257375,-0.0106562
0.257625,-0.010375
0.257875,-0.010875
0.258125,-0.0105313
0.258375,-0.0109688
0.258625,-0.010375
0.258875,-0.0111875
0.259125,-0.0106875
0.259375,-0.011
0.259625,-0.0108125
0.259875,-0.0107187
0.260125,-0.0110312
0.260375,-0.0105937
0.260625,-0.011125
0.260875,-0.0106875
0.261125,-0.0112813
0.261375,-0.0106875
0.261625,-0.0115
0.261875,-0.0107812
0.262125,-0.0115937
0.262375,-0.0110625
0.262625,-0.0110625
0.262875,-0.0110937
0.263125,-0.0107812
0.263375,-0.0111875
0.263625,-0.010875
0.263875,-0.0114688
0.264125,-0.011
0.264375,-0.0116875
0.264625,-0.0110625
0.264875,-0.0117188
0.265125,-0.0110937
0.265375,-0.0116562
0.265625,-0.0113125
0.265875,-0.0111562
0.266125,-0.0114063
0.266375,-0.0107812
0.266625,-0.0112813
0.266875,-0.0111875
0.267125,-0.0114063
0.267375,-0.011
0.267625,-0.0117188
0.267875,-0.0113438
0.268125,-0.0116562
0.268375,-0.0114375
0.268625,-0.012
0.268875,-0.0113438
0.269125,-0.0115312
0.269375,-0.0115
0.269625,-0.0111562
0.269875,-0.0118125
0.270125,-0.0112813
0.270375,-0.0118438
0.270625,-0.0115625
0.270875,-0.0119375
0.271125,-0.0116562
0.271375,-0.0121562
0.271625,-0.0117188
0.271875,-0.0124063
0.272125,-0.0118438
0.272375,-0.011875
0.272625,-0.0118438
0.272875,-0.0114688
0.273125,-0.0119687
0.273375,-0.0115312
0.273625,-0.0121875
0.273875,-0.011625
0.274125,-0.012375
0.274375,-0.0116875
0.274625,-0.012375
0.274875,-0.011875
0.275125,-0.0124063
0.275375,-0.0117813
0.275625,-0.011875
0.275875,-0.0120625
0.276125,-0.0115312
0.276375,-0.0121562
0.276625,-0.011875
0.276875,-0.0120937
0.277125,-0.0117813
0.277375,-0.01225
0.277625,-0.0120937
0.277875,-0.0123125
0.278125,-0.0119687
0.278375,-0.0125
0.278625,-0.0121875
0.278875,-0.0119687
0.279125,-0.0123438
0.279375,-0.011875
0.279625,-0.0124063
0.279875,-0.0119375
0.280125,-0.0124687
0.280375,-0.0122188
0.280625,-0.0127813
0.280875,-0.0120937
0.281125,-0.0125625
0.281375,-0.012375
0.281625,-0.0128125
0.281875,-0.0125
0.282125,-0.0123438
0.282375,-0.0124375
0.282625,-0.0121562
0.282875,-0.0126875
0.283125,-0.0120625
0.283375,-0.0128438
0.283625,-0.0122188
0.283875,-0.013
0.284125,-0.0124375
0.284375,-0.0129375
0.284625,-0.0124687
0.284875,-0.013
0.285125,-0.0125625
0.285375,-0.0127188
0.285625,-0.0125312
0.285875,-0.0126563
0.286125,-0.01275
0.286375,-0.012375
0.286625,-0.012875
0.286875,-0.0124687
0.287125,-0.013125
0.287375,-0.0125937
0.287625,-0.0130312
0.287875,-0.0127813
0.288125,-0.0130937
0.288375,-0.013
0.288625,-0.012875
0.288875,-0.0129375
0.289125,-0.0127813
0.289375,-0.0130312
0.289625,-0.0128438
0.289875,-0.0132188
0.290125,-0.0129062
0.290375,-0.0133437
0.290625,-0.012875
0.290875,-0.0134687
0.291125,-0.0129687
0.291375,-0.013
0.291625,-0.013
0.291875,-0.0126563
0.292125,-0.0130312
0.292375,-0.0129375
0.292625,-0.0135
0.292875,-0.0131875
0.293125,-0.0136563
0.293375,-0.0131563
0.293625,-0.01375
0.293875,-0.0133437
0.294125,-0.0136563
0.294375,-0.0130625
0.294625,-0.013
0.294875,-0.0134687
0.295125,-0.0131875
0.295375,-0.0135312
0.295625,-0.01325
0.295875,-0.0135625
0.296125,-0.0132813
0.296375,-0.0138125
0.296625,-0.013375
0.296875,-0.0139062
0.297125,-0.0132813
0.297375,-0.0141875
0.297625,-0.0136563
0.297875,-0.0135312
0.298125,-0.0136563
0.298375,-0.0135938
0.298625,-0.0137188
0.298875,-0.0136563
0.299125,-0.0139375
0.299375,-0.0135938
0.299625,-0.0141563
0.299875,-0.0135625
0.300125,-0.0140938
0.300375,-0.0137813
0.300625,-0.0143125
0.300875,-0.0138125
0.301125,-0.0136875
0.301375,-0.014
0.301625,-0.0134062
0.301875,-0.0140625
0.302125,-0.0135
0.302375,-0.0142812
0.302625,-0.0139062
0.302875,-0.014375
0.303125,-0.0140313
0.303375,-0.0144375
0.303625,-0.0139375
0.303875,-0.0145
0.304125,-0.014
0.304375,-0.0140938
0.304625,-0.0140625
0.304875,-0.0138125
0.305125,-0.0144375
0.305375,-0.0140938
0.305625,-0.0144375
0.305875,-0.0140625
0.306125,-0.014625
0.306375,-0.01425
0.306625,-0.0147812
0.306875,-0.01425
0.307125,-0.015
0.307375,-0.0144062
0.307625,-0.0142812
0.307875,-0.0145313
0.308125,-0.0141563
0.308375,-0.0145938
0.308625,-0.01425
0.308875,-0.014875
0.309125,-0.0142812
0.309375,-0.015
0.309625,-0.0145
0.309875,-0.0150938
0.310125,-0.0149062
0.310375,-0.0152812
0.310625,-0.0147187
0.310875,-0.0150938
0.311125,-0.0149062
0.311375,-0.0148125
0.311625,-0.0151563
0.311875,-0.0146875
0.312125,-0.01525
0.312375,-0.0146563
0.312625,-0.0153125
0.312875,-0.0148125
0.313125,-0.0154688
0.313375,-0.0149375
0.313625,-0.015
0.313875,-0.0151563
0.314125,-0.0150313
0.314375,-0.0151875
0.314625,-0.015
0.314875,-0.0152812
0.315125,-0.0152812
0.315375,-0.0155625
0.315625,-0.0149375
0.315875,-0.0158438
0.316125,-0.0150938
0.316375,-0.0159063
0.316625,-0.0153125
0.316875,-0.0157812
0.317125,-0.0155
0.317375,-0.0155313
0.317625,-0.0158438
0.317875,-0.0155
0.318125,-0.015875
0.318375,-0.0154063
0.318625,-0.0158438
0.318875,-0.0155313
0.319125,-0.0160313
0.319375,-0.015625
0.319625,-0.0161563
0.319875,-0.0156875
0.320125,-0.016125
0.320375,-0.0159063
0.320625,-0.0159687
0.320875,-0.0160313
0.321125,-0.0157812
0.321375,-0.0162187
0.321625,-0.015875
0.321875,-0.0163125
0.322125,-0.0158125
0.322375,-0.0165
0.322625,-0.0160313
0.322875,-0.0165938
0.323125,-0.0160625
0.323375,-0.0160313
0.323625,-0.0159687
0.323875,-0.0156562
0.324125,-0.0163438
0.324375,-0.0158438
0.324625,-0.0164688
0.324875,-0.0160313
0.325125,-0.0166875
0.325375,-0.0162813
0.325625,-0.0166875
0.325875,-0.0161563
0.326125,-0.016875
0.326375,-0.016375
0.326625,-0.0165312
0.326875,-0.0163438
0.327125,-0.0165
0.327375,-0.0164375
0.327625,-0.0163438
0.327875,-0.016625
0.328125,-0.0164375
0.328375,-0.0169375
0.328625,-0.0165
0.328875,-0.0169687
0.329125,-0.0165
0.329375,-0.017125
0.329625,-0.0165625
0.329875,-0.0165938
0.330125,-0.0166875
0.330375,-0.0162187
0.330625,-0.0169063
0.330875,-0.0165
0.331125,-0.0169687
0.331375,-0.0165
0.331625,-0.0171563
0.331875,-0.0168125
0.332125,-0.0176562
0.332375,-0.0167188
0.332625,-0.017375
0.332875,-0.0169063
0.333125,-0.017
0.333375,-0.017
0.333625,-0.016625
0.333875,-0.0172187
0.334125,-0.0166875
0.334375,-0.017375
0.334625,-0.0169687
0.334875,-0.0173125
0.335125,-0.017
0.335375,-0.0176562
0.335625,-0.0171563
0.335875,-0.0176875
0.336125,-0.0173125
0.336375,-0.017
0.336625,-0.0173125
0.336875,-0.0168437
0.337125,-0.0175
0.337375,-0.0170313
0.337625,-0.0176562
0.337875,-0.0171875
0.338125,-0.0176562
0.338375,-0.0171563
0.338625,-0.018
0.338875,-0.0172187
0.339125,-0.0180313
0.339375,-0.0175312
0.339625,-0.0175
0.339875,-0.0176875
0.340125,-0.0171875
0.340375,-0.0175625
0.340625,-0.0172812
0.340875,-0.0179375
0.341125,-0.0174375
0.341375,-0.0179687
0.341625,-0.0175312
0.341875,-0.0180625
0.342125,-0.0178437
0.342375,-0.018
0.342625,-0.0178437
0.342875,-0.0178437
0.343125,-0.018
0.343375,-0.0177813
0.343625,-0.018125
0.343875,-0.01775
0.344125,-0.0181875
0.344375,-0.0179687
0.344625,-0.0184062
0.344875,-0.017875
0.345125,-0.0184375
0.345375,-0.018
0.345625,-0.0184688
0.345875,-0.0181562
0.346125,-0.01825
0.346375,-0.0183438
0.346625,-0.0179063
0.346875,-0.0185625
0.347125,-0.0179375
0.347375,-0.0186563
0.347625,-0.018
0.347875,-0.0186563
0.348125,-0.0182812
0.348375,-0.0189375
0.348625,-0.0184062
0.348875,-0.0185
0.349125,-0.0186563
0.349375,-0.0183125
0.349625,-0.0185938
0.349875,-0.0182812
0.350125,-0.0185938
0.350375,-0.0184688
0.350625,-0.019
0.350875,-0.0185625
0.351125,-0.0190625
0.351375,-0.01875
0.351625,-0.0190938
0.351875,-0.0187813
0.352125,-0.0187187
0.352375,-0.0186875
0.352625,-0.0185
0.352875,-0.019
0.353125,-0.0186875
0.353375,-0.0193125
0.353625,-0.0187813
0.353875,-0.019375
0.354125,-0.0190625
0.354375,-0.0195312
0.354625,-0.019
0.354875,-0.0195625
0.355125,-0.0190313
0.355375,-0.0189375
0.355625,-0.0192188
0.355875,-0.019
0.356125,-0.0192188
0.356375,-0.0191562
0.356625,-0.0194375
0.356875,-0.019
0.357125,-0.0194688
0.357375,-0.0190938
0.357625,-0.0196563
0.357875,-0.0191875
0.358125,-0.0196875
0.358375,-0.0193125
0.358625,-0.01925
0.358875,-0.0195
0.359125,-0.0192812
0.359375,-0.0195
0.359625,-0.0192812
0.359875,-0.0198437
0.360125,-0.01925
0.360375,-0.0199375
0.360625,-0.01975
0.360875,-0.0199687
0.361125,-0.0197813
0.361375,-0.0201875
0.361625,-0.019875
0.361875,-0.0198437
0.362125,-0.019875
0.362375,-0.0196563
0.362625,-0.0199687
0.362875,-0.0195625
0.363125,-0.0202812
0.363375,-0.0196563
0.363625,-0.0203438
0.363875,-0.0197187
0.364125,-0.0204687
0.364375,-0.0198125
0.364625,-0.0203125
0.364875,-0.0202812
0.365125,-0.02
0.365375,-0.0200938
0.365625,-0.0199375
0.365875,-0.0204062
0.366125,-0.0199375
0.366375,-0.0204687
0.366625,-0.0199375
0.366875,-0.0206563
0.367125,-0.0199063
0.367375,-0.0207187
0.367625,-0.0200625
0.367875,-0.021
0.368125,-0.0204687
0.368375,-0.0205
0.368625,-0.0205
0.368875,-0.0203125
0.369125,-0.0206563
0.369375,-0.0201875
0.369625,-0.020875
0.369875,-0.0201875
0.370125,-0.0210938
0.370375,-0.0203438
0.370625,-0.0209375
0.370875,-0.0206563
0.371125,-0.0205
0.371375,-0.0207187
0.371625,-0.0203438
0.371875,-0.021
0.372125,-0.0205
0.372375,-0.021
0.372625,-0.0206563
0.372875,-0.0211562
0.373125,-0.0207187
0.373375,-0.0210312
0.373625,-0.0206875
0.373875,-0.0211562
0.374125,-0.0208437
0.374375,-0.0205
0.374625,-0.0209688
0.374875,-0.0206875
0.375125,-0.0211562
0.375375,-0.02075
0.375625,-0.0211875
0.375875,-0.0208125
0.376125,-0.0211875
0.376375,-0.0208437
0.376625,-0.0215
0.376875,-0.0209063
0.377125,-0.0216563
0.377375,-0.0213438
0.377625,-0.0210312
0.377875,-0.021375
0.378125,-0.021
0.378375,-0.0214687
0.378625,-0.0211562
0.378875,-0.0216875
0.379125,-0.0211875
0.379375,-0.0218125
0.379625,-0.021375
0.379875,-0.0219688
0.380125,-0.0216563
0.380375,-0.0218125
0.380625,-0.0217813
0.380875,-0.0217187
0.381125,-0.0220312
0.381375,-0.0218438
0.381625,-0.0220938
0.381875,-0.0215313
0.382125,-0.0222188
0.382375,-0.0217813
0.382625,-0.0225313
0.382875,-0.021875
0.383125,-0.0225937
0.383375,-0.022125
0.383625,-0.0219375
0.383875,-0.02225
0.384125,-0.0219062
0.384375,-0.0223437
0.384625,-0.0219688
0.384875,-0.0224687
0.385125,-0.0222812
0.385375,-0.0227187
0.385625,-0.0222812
0.385875,-0.022875
0.386125,-0.0223437
0.386375,-0.0230312
0.386625,-0.022375
0.386875,-0.022875
0.387125,-0.0226563
0.387375,-0.0227187
0.387625,-0.0229688
0.387875,-0.0225313
0.388125,-0.023125
0.388375,-0.022625
0.388625,-0.0232813
0.388875,-0.0226875
0.389125,-0.023375
0.389375,-0.0229375
0.389625,-0.0235
0.389875,-0.0230625
0.390125,-0.0229688
0.390375,-0.0230625
0.390625,-0.0229375
0.390875,-0.0235
0.391125,-0.023
0.391375,-0.0233437
0.391625,-0.0232813
0.391875,-0.0239688
0.392125,-0.0232813
0.392375,-0.0240312
0.392625,-0.023375
0.392875,-0.0240312
0.393125,-0.023625
0.393375,-0.0235937
0.393625,-0.0238438
0.393875,-0.0234063
0.394125,-0.0240312
0.394375,-0.0235313
0.394625,-0.0242187
0.394875,-0.0235625
0.395125,-0.024125
0.395375,-0.0240625
0.395625,-0.0245
0.395875,-0.0240938
0.396125,-0.0245625
0.396375,-0.0240938
0.396625,-0.0239375
0.396875,-0.0241563
0.397125,-0.0239375
0.397375,-0.024375
0.397625,-0.0240312
0.397875,-0.0244687
0.398125,-0.0242187
0.398375,-0.0246562
0.398625,-0.0243437
0.398875,-0.024875
0.399125,-0.0245
0.399375,-0.0250625
0.399625,-0.0245938
0.399875,-0.0248438
0.400125,-0.0245313
0.400375,-0.0245938
0.400625,-0.0249688
0.400875,-0.0246562
0.401125,-0.025
0.401375,-0.0247188
0.401625,-0.0252813
0.401875,-0.0248438
0.402125,-0.0254063
0.402375,-0.0249062
0.402625,-0.0249688
0.402875,-0.0251563
0.403125,-0.025
0.403375,-0.0252813
0.403625,-0.0249688
0.403875,-0.0255625
0.404125,-0.0250937
0.404375,-0.0257812
0.404625,-0.0253125
0.404875,-0.0256562
0.405125,-0.0254063
0.405375,-0.025875
0.405625,-0.0254063
0.405875,-0.0259687
0.406125,-0.025625
0.406375,-0.0257812
0.406625,-0.0257812
0.406875,-0.025625
0.407125,-0.0259062
0.407375,-0.0255625
0.407625,-0.0260937
0.407875,-0.02575
0.408125,-0.0261875
0.408375,-0.0258438
0.408625,-0.0263437
0.408875,-0.026
0.409125,-0.0262187
0.409375,-0.0261563
0.409625,-0.026
0.409875,-0.02625
0.410125,-0.026
0.410375,-0.0265938
0.410625,-0.0262187
0.410875,-0.0265938
0.411125,-0.0261875
0.411375,-0.0268438
0.411625,-0.0264688
0.411875,-0.0270625
0.412125,-0.0265312
0.412375,-0.0265625
0.412625,-0.0267812
0.412875,-0.0264375
0.413125,-0.027
0.413375,-0.0266562
0.413625,-0.0270937
0.413875,-0.0267812
0.414125,-0.0273125
0.414375,-0.026875
0.414625,-0.0274375
0.414875,-0.026875
0.415125,-0.0274062
0.415375,-0.0269375
0.415625,-0.0271563
0.415875,-0.0271875
0.416125,-0.0271563
0.416375,-0.0273438
0.416625,-0.0271563
0.416875,-0.0277812
0.417125,-0.0272813
0.417375,-0.0279687
0.417625,-0.0274375
0.417875,-0.0279375
0.418125,-0.0275625
0.418375,-0.0281563
0.418625,-0.0278125
0.418875,-0.0276875
0.419125,-0.0279687
0.419375,-0.0276562
0.419625,-0.0282187
0.419875,-0.0275625
0.420125,-0.0282812
0.420375,-0.027875
0.420625,-0.0285625
0.420875,-0.0280313
0.421125,-0.0286562
0.421375,-0.028375
0.421625,-0.0286875
0.421875,-0.0285312
0.422125,-0.0285625
0.422375,-0.0285312
0.422625,-0.0281875
0.422875,-0.028875
0.423125,-0.0284375
0.423375,-0.0290937
0.423625,-0.0285312
0.423875,-0.0295
0.424125,-0.02875
0.424375,-0.0295312
0.424625,-0.0290313
0.424875,-0.0295625
0.425125,-0.0291563
0.425375,-0.0290937
0.425625,-0.029375
0.425875,-0.0290937
0.426125,-0.0294688
0.426375,-0.0289375
0.426625,-0.0295938
0.426875,-0.0292812
0.427125,-0.0297813
0.427375,-0.0294062
0.427625,-0.03
0.427875,-0.0295938
0.428125,-0.0302188
0.428375,-0.029875
0.428625,-0.029875
0.428875,-0.0300313
0.429125,-0.0299375
0.429375,-0.0300937
0.429625,-0.0299375
0.429875,-0.0302188
0.430125,-0.03
0.430375,-0.0305937
0.430625,-0.03
0.430875,-0.0307187
0.431125,-0.0303438
0.431375,-0.0301875
0.431625,-0.0304062
0.431875,-0.03025
0.432125,-0.0306875
0.432375,-0.0304688
0.432625,-0.0309687
0.432875,-0.0305937
0.433125,-0.031
0.433375,-0.0305625
0.433625,-0.0311875
0.433875,-0.0308437
0.434125,-0.0314062
0.434375,-0.0308437
0.434625,-0.0312813
0.434875,-0.0313438
0.435125,-0.031375
0.435375,-0.0314062
0.435625,-0.031375
0.435875,-0.0315312
0.436125,-0.031125
0.436375,-0.0318125
0.436625,-0.0313438
0.436875,-0.0320625
0.437125,-0.0316875
0.437375,-0.0321875
0.437625,-0.0318125
0.437875,-0.0320625
0.438125,-0.0321563
0.438375,-0.0322188
0.438625,-0.0323437
0.438875,-0.0321563
0.439125,-0.0324688
0.439375,-0.0322812
0.439625,-0.0329062
0.439875,-0.0324375
0.440125,-0.033
0.440375,-0.0325
0.440625,-0.03325
0.440875,-0.0328125
0.441125,-0.0330938
0.441375,-0.0331875
0.441625,-0.0328125
0.441875,-0.0333438
0.442125,-0.0329062
0.442375,-0.0336875
0.442625,-0.0332813
0.442875,-0.033875
0.443125,-0.033375
0.443375,-0.0341875
0.443625,-0.0335938
0.443875,-0.0341875
0.444125,-0.0339063
0.444375,-0.034
0.444625,-0.0340625
0.444875,-0.0339688
0.445125,-0.0344688
0.445375,-0.0340312
0.445625,-0.0347813
0.445875,-0.034125
0.446125,-0.0349062
0.446375,-0.0345937
0.446625,-0.0352187
0.446875,-0.0345313
0.447125,-0.0353438
0.447375,-0.0348438
0.447625,-0.035
0.447875,-0.0352187
0.448125,-0.034875
0.448375,-0.0353438
0.448625,-0.035
0.448875,-0.0358437
0.449125,-0.0352187
0.449375,-0.036
0.449625,-0.0355625
0.449875,-0.0361562
0.450125,-0.035875
0.450375,-0.0364375
0.450625,-0.0360625
0.450875,-0.0365
0.451125,-0.0364375
0.451375,-0.0361875
0.451625,-0.0365938
0.451875,-0.0365
0.452125,-0.037
0.452375,-0.0365313
0.452625,-0.0372812
0.452875,-0.036625
0.453125,-0.0374063
0.453375,-0.0370312
0.453625,-0.0375312
0.453875,-0.03725
0.454125,-0.0374688
0.454375,-0.0376563
0.454625,-0.037375
0.454875,-0.037875
0.455125,-0.0375625
0.455375,-0.0381875
0.455625,-0.0376563
0.455875,-0.0384687
0.456125,-0.0381562
0.456375,-0.0390625
0.456625,-0.038375
0.456875,-0.0388438
0.457125,-0.0385938
0.457375,-0.0385938
0.457625,-0.0389063
0.457875,-0.0387813
0.458125,-0.0391563
0.458375,-0.0386875
0.458625,-0.0394063
0.458875,-0.0389687
0.459125,-0.0398437
0.459375,-0.0393437
0.459625,-0.0400625
0.459875,-0.0395937
0.460125,-0.0397813
0.460375,-0.039875
0.460625,-0.0396563
0.460875,-0.0404062
0.461125,-0.0399375
0.461375,-0.0405625
0.461625,-0.0400937
0.461875,-0.0407187
0.462125,-0.040625
0.462375,-0.041125
0.462625,-0.04075
0.462875,-0.0414063
0.463125,-0.0409375
0.463375,-0.0410938
0.463625,-0.0413437
0.463875,-0.0410938
0.464125,-0.0415625
0.464375,-0.041375
0.464625,-0.0420313
0.464875,-0.0415937
0.465125,-0.0423125
0.465375,-0.042
0.465625,-0.0426563
0.465875,-0.0423438
0.466125,-0.043
0.466375,-0.0425938
0.466625,-0.0423438
0.466875,-0.042875
0.467125,-0.0424062
0.467375,-0.043
0.467625,-0.0429688
0.467875,-0.0435937
0.468125,-0.04325
0.468375,-0.043875
0.468625,-0.0435937
0.468875,-0.0440938
0.469125,-0.0439375
0.469375,-0.0445
0.469625,-0.044375
0.469875,-0.0445312
0.470125,-0.0445312
0.470375,-0.0445
0.470625,-0.0453125
0.470875,-0.0447187
0.471125,-0.0453125
0.471375,-0.045
0.471625,-0.0459062
0.471875,-0.0455
0.472125,-0.0460625
0.472375,-0.0454688
0.472625,-0.0459687
0.472875,-0.0461562
0.473125,-0.0460625
0.473375,-0.0466563
0.473625,-0.0464063
0.473875,-0.047
0.474125,-0.0467188
0.474375,-0.0474375
0.474625,-0.047
0.474875,-0.0476875
0.475125,-0.0475
0.475375,-0.0481875
0.475625,-0.0478438
0.475875,-0.0482187
0.476125,-0.048375
0.476375,-0.0484063
0.476625,-0.0485625
0.476875,-0.0485625
0.477125,-0.049125
0.477375,-0.0488437
0.477625,-0.0494687
0.477875,-0.0492188
0.478125,-0.0499375
0.478375,-0.0494375
0.478625,-0.0504688
0.478875,-0.0501563
0.479125,-0.0502812
0.479375,-0.0505
0.479625,-0.050375
0.479875,-0.0511875
0.480125,-0.0507188
0.480375,-0.0515
0.480625,-0.0514375
0.480875,-0.052
0.481125,-0.0516875
0.481375,-0.0522812
0.481625,-0.0522188
0.481875,-0.0529375
0.482125,-0.0529688
0.482375,-0.0529375
0.482625,-0.053
0.482875,-0.053125
0.483125,-0.0538438
0.483375,-0.0534062
0.483625,-0.054125
0.483875,-0.0539375
0.484125,-0.0548125
0.484375,-0.0545
0.484625,-0.0552187
0.484875,-0.0551562
0.485125,-0.055875
0.485375,-0.0555
0.485625,-0.0557812
0.485875,-0.0562812
0.486125,-0.056
0.486375,-0.0566562
0.486625,-0.0565
0.486875,-0.0575
0.487125,-0.0572812
0.487375,-0.0583437
0.487625,-0.0576875
0.487875,-0.0587813
0.488125,-0.0584062
0.488375,-0.0594687
0.488625,-0.059
0.488875,-0.0592812
0.489125,-0.0596563
0.489375,-0.0595
0.489625,-0.0605
0.489875,-0.0601562
0.490125,-0.061125
0.490375,-0.061
0.490625,-0.0616563
0.490875,-0.0615625
0.491125,-0.0623438
0.491375,-0.0622813
0.491625,-0.0629688
0.491875,-0.0629375
0.492125,-0.0634687
0.492375,-0.0636875
0.492625,-0.0641562
0.492875,-0.0645625
0.493125,-0.0645937
0.493375,-0.0655625
0.493625,-0.0651563
0.493875,-0.0662813
0.494125,-0.0660312
0.494375,-0.0668437
0.494625,-0.0668437
0.494875,-0.0673437
0.495125,-0.0674687
0.495375,-0.0679375
0.495625,-0.0682812
0.495875,-0.0684687
0.496125,-0.069
0.496375,-0.0692813
0.496625,-0.069875
0.496875,-0.0700938
0.497125,-0.071
0.497375,-0.0707813
0.497625,-0.0716875
0.497875,-0.0715
0.498125,-0.07275
0.498375,-0.0724062
0.498625,-0.0729375
0.498875,-0.0733437
0.499125,-0.073625
0.499375,-0.074125
0.499625,-0.0741875
0.499875,-0.074875
0.500125,-0.0749687
0.500375,-0.0756875
0.500625,-0.0755
0.500875,-0.0766563
0.501125,-0.0766563
0.501375,-0.0769375
0.501625,-0.0774375
0.501875,-0.07725
0.502125,-0.0780625
0.502375,-0.0779375
0.502625,-0.0788125
0.502875,-0.078625
0.503125,-0.0797188
0.503375,-0.0794062
0.503625,-0.0803125
0.503875,-0.0801563
0.504125,-0.0809375
0.504375,-0.0808125
0.504625,-0.081125
0.504875,-0.0814375
0.505125,-0.0811562
0.505375,-0.0819375
0.505625,-0.0817188
0.505875,-0.0826562
0.506125,-0.0823437
0.506375,-0.083
0.506625,-0.0827188
0.506875,-0.0834688
0.507125,-0.0832812
0.507375,-0.084
0.507625,-0.0838438
0.507875,-0.08375
0.508125,-0.0840937
0.508375,-0.0837812
0.508625,-0.0845625
0.508875,-0.0844688
0.509125,-0.0850312
0.509375,-0.0848437
0.509625,-0.0853125
0.509875,-0.0851875
0.510125,-0.0858437
0.510375,-0.085375
0.510625,-0.0861562
0.510875,-0.0857188
0.511125,-0.0860625
0.511375,-0.0860313
0.511625,-0.0859375
0.511875,-0.0861562
0.512125,-0.0860313
0.512375,-0.0864375
0.512625,-0.0862812
0.512875,-0.0869687
0.513125,-0.0865
0.513375,-0.0870313
0.513625,-0.0865313
0.513875,-0.087
0.514125,-0.0869062
0.514375,-0.087
0.514625,-0.0872187
0.514875,-0.0869062
0.515125,-0.0874375
0.515375,-0.0868125
0.515625,-0.0874062
0.515875,-0.0868438
0.516125,-0.0876563
0.516375,-0.0873438
0.516625,-0.0878125
0.516875,-0.0871875
0.517125,-0.0879375
0.517375,-0.0875313
0.517625,-0.0874375
0.517875,-0.0876563
0.518125,-0.0872187
0.518375,-0.087875
0.518625,-0.0873125
0.518875,-0.0882187
0.519125,-0.0875625
0.519375,-0.0883125
0.519625,-0.08775
0.519875,-0.0883125
0.520125,-0.087875
0.520375,-0.0886875
0.520625,-0.0879375
0.520875,-0.0880625
0.521125,-0.0884062
0.521375,-0.088
0.521625,-0.0882813
0.521875,-0.0879688
0.522125,-0.088375
0.522375,-0.0880312
0.522625,-0.0886562
0.522875,-0.0880938
0.523125,-0.08875
0.523375,-0.0881563
0.523625,-0.088125
0.523875,-0.0883437
0.524125,-0.0878438
0.524375,-0.0883125
0.524625,-0.088125
0.524875,-0.0886562
0.525125,-0.0882813
0.525375,-0.0887813
0.525625,-0.0882813
0.525875,-0.088875
0.526125,-0.0882813
0.526375,-0.0890938
0.526625,-0.0883437
0.526875,-0.0882813
0.527125,-0.0886875
0.527375,-0.0881875
0.527625,-0.0889687
0.527875,-0.088375
0.528125,-0.0887187
0.528375,-0.0883437
0.528625,-0.089
0.528875,-0.0884375
0.529125,-0.0889687
0.529375,-0.0884688
0.529625,-0.089
0.529875,-0.0887813
0.530125,-0.0885938
0.530375,-0.0887813
0.530625,-0.0884375
0.530875,-0.0888437
0.531125,-0.0882813
0.531375,-0.0890312
0.531625,-0.0884375
0.531875,-0.089
0.532125,-0.0885
0.532375,-0.0890938
0.532625,-0.0885
0.532875,-0.0890938
0.533125,-0.0886875
0.533375,-0.0889687
0.533625,-0.0887187
0.533875,-0.0885312
0.534125,-0.0888437
0.534375,-0.0883437
0.534625,-0.089
0.534875,-0.0885625
0.535125,-0.0891562
0.535375,-0.0887813
0.535625,-0.0893125
0.535875,-0.0887187
0.536125,-0.0894063
0.536375,-0.089
0.536625,-0.0885938
0.536875,-0.0888125
0.537125,-0.088375
0.537375,-0.089
0.537625,-0.0884375
0.537875,-0.0890312
0.538125,-0.088625
0.538375,-0.0891875
0.538625,-0.0887187
0.538875,-0.0891562
0.539125,-0.0888125
0.539375,-0.0892813
0.539625,-0.089
0.539875,-0.0891562
0.540125,-0.0891562
0.540375,-0.0888125
0.540625,-0.089125
0.540875,-0.0886562
0.541125,-0.0892188
0.541375,-0.0885938
0.541625,-0.0895
0.541875,-0.089
0.542125,-0.0893437
0.542375,-0.0889375
0.542625,-0.0886562
0.542875,-0.088875
0.543125,-0.08875
0.543375,-0.0891562
0.543625,-0.0886562
0.543875,-0.0893125
0.544125,-0.0888125
0.544375,-0.0891562
0.544625,-0.088875
0.544875,-0.089375
0.545125,-0.0887813
0.545375,-0.0894063
0.545625,-0.088875
0.545875,-0.0889375
0.546125,-0.0889687
0.546375,-0.0889063
0.546625,-0.089
0.546875,-0.088875
0.547125,-0.0890938
0.547375,-0.088625
0.547625,-0.0892188
0.547875,-0.0888125
0.548125,-0.0892813
0.548375,-0.0889063
0.548625,-0.0894375
0.548875,-0.088875
0.549125,-0.0888437
0.549375,-0.0890312
0.549625,-0.0885
0.549875,-0.089125
0.550125,-0.0885312
0.550375,-0.0893437
0.550625,-0.0887813
0.550875,-0.0892813
0.551125,-0.0888125
0.551375,-0.0894063
0.551625,-0.08875
0.551875,-0.08925
0.552125,-0.089
0.552375,-0.0889687
0.552625,-0.089125
0.552875,-0.088875
0.553125,-0.08925
0.553375,-0.0889375
0.553625,-0.0893437
0.553875,-0.0889687
0.554125,-0.0894375
0.554375,-0.0887813
0.554625,-0.0894375
0.554875,-0.089
0.555125,-0.0895938
0.555375,-0.089
0.555625,-0.089
0.555875,-0.0890312
0.556125,-0.08825
0.556375,-0.0890625
0.556625,-0.08875
0.556875,-0.0895
0.557125,-0.0887813
0.557375,-0.0895313
0.557625,-0.0886875
0.557875,-0.0896875
0.558125,-0.0889375
0.558375,-0.0895938
0.558625,-0.089
0.558875,-0.0893125
0.559125,-0.0893125
0.559375,-0.0890625
0.559625,-0.0894375
0.559875,-0.089
0.560125,-0.089375
0.560375,-0.0890625
0.560625,-0.089375
0.560875,-0.089
0.561125,-0.0895938
0.561375,-0.0895
0.561625,-0.0890625
0.561875,-0.0891875
0.562125,-0.08875
0.562375,-0.0891562
0.562625,-0.0888437
0.562875,-0.0895
0.563125,-0.0889063
0.563375,-0.089625
0.563625,-0.089
0.563875,-0.0895938
0.564125,-0.089
0.564375,-0.0896562
0.564625,-0.0892813
0.564875,-0.0891562
0.565125,-0.0891875
0.565375,-0.08875
0.565625,-0.089375
0.565875,-0.0886562
0.566125,-0.0891875
0.566375,-0.089
0.566625,-0.0895938
0.566875,-0.0889063
0.567125,-0.0895
0.567375,-0.0889687
0.567625,-0.0896562
0.567875,-0.0890625
0.568125,-0.0889687
0.568375,-0.089
0.568625,-0.08875
0.568875,-0.0893437
0.569125,-0.0887187
0.569375,-0.0894687
0.569625,-0.0889375
0.569875,-0.0895
0.570125,-0.089
0.570375,-0.0895313
0.570625,-0.089
0.570875,-0.0899063
0.571125,-0.0891562
0.571375,-0.089125
0.571625,-0.0891562
0.571875,-0.0891562
0.572125,-0.0895
0.572375,-0.0889063
0.572625,-0.0895625
0.572875,-0.0889375
0.573125,-0.0893437
0.573375,-0.0890312
0.573625,-0.0896875
0.573875,-0.089
0.574125,-0.0895625
0.574375,-0.0890938
0.574625,-0.0891875
0.574875,-0.0893437
0.575125,-0.0887187
0.575375,-0.0893437
0.575625,-0.0888125
0.575875,-0.089375
0.576125,-0.0888437
0.576375,-0.0896875
0.576625,-0.089
0.576875,-0.0896562
0.577125,-0.0890938
0.577375,-0.0896562
0.577625,-0.0892813
0.577875,-0.0891562
0.578125,-0.0894063
0.578375,-0.0892188
0.578625,-0.0894375
0.578875,-0.0889375
0.579125,-0.089375
0.579375,-0.089
0.579625,-0.0895313
0.579875,-0.089125
0.580125,-0.0895625
0.580375,-0.0890625
0.580625,-0.089
0.580875,-0.0892188
0.581125,-0.0890312
0.581375,-0.0893437
0.581625,-0.088875
0.581875,-0.089375
0.582125,-0.089
0.582375,-0.0896562
0.582625,-0.089
0.582875,-0.0894375
0.583125,-0.0891875
0.583375,-0.0895938
0.583625,-0.0891562
0.583875,-0.0889375
0.584125,-0.0891562
0.584375,-0.0890938
0.584625,-0.0892813
0.584875,-0.0890312
0.585125,-0.0894687
0.585375,-0.0890938
0.585625,-0.0894687
0.585875,-0.089
0.586125,-0.0896562
0.586375,-0.0892813
0.586625,-0.0895938
0.586875,-0.0894063
0.587125,-0.0889375
0.587375,-0.0890938
0.587625,-0.089
0.587875,-0.0891562
0.588125,-0.0892813
0.588375,-0.0894063
0.588625,-0.089
0.588875,-0.0895
0.589125,-0.0890625
0.589375,-0.089375
0.589625,-0.0892188
0.589875,-0.0897812
0.590125,-0.0893125
0.590375,-0.089125
0.590625,-0.0894687
0.590875,-0.0888437
0.591125,-0.0892813
0.591375,-0.0889063
0.591625,-0.0894687
0.591875,-0.0890625
0.592125,-0.0896562
0.592375,-0.0891562
0.592625,-0.0895625
0.592875,-0.089
0.593125,-0.0893125
0.593375,-0.0890312
0.593625,-0.0890938
0.593875,-0.0893437
0.594125,-0.0889375
0.594375,-0.0894063
0.594625,-0.0889687
0.594875,-0.0894063
0.595125,-0.089
0.595375,-0.0896875
0.595625,-0.0890625
0.595875,-0.0896562
0.596125,-0.0891875
0.596375,-0.0895938
0.596625,-0.0891562
0.596875,-0.0892813
0.597125,-0.0891562
0.597375,-0.089
0.597625,-0.0891875
0.597875,-0.089125
0.598125,-0.0895313
0.598375,-0.089
0.598625,-0.0896875
0.598875,-0.089
0.599125,-0.0896875
0.599375,-0.0890312
0.599625,-0.0890312
0.599875,-0.0892813
0.600125,-0.0886875
0.600375,-0.089
0.600625,-0.089
0.600875,-0.0894687
0.601125,-0.089
0.601375,-0.0895625
0.601625,-0.0890938
0.601875,-0.0896875
0.602125,-0.0893125
0.602375,-0.0897812
0.602625,-0.08925
0.602875,-0.08925
0.603125,-0.08925
0.603375,-0.0890312
0.603625,-0.0894063
0.603875,-0.0889375
0.604125,-0.089625
0.604375,-0.0890312
0.604625,-0.0895
0.604875,-0.0890312
0.605125,-0.08975
0.605375,-0.0893437
0.605625,-0.0899063
0.605875,-0.0892188
0.606125,-0.0890938
0.606375,-0.0892188
0.606625,-0.0889687
0.606875,-0.0895
0.607125,-0.089
0.607375,-0.0895
0.607625,-0.0890625
0.607875,-0.0895938
0.608125,-0.0892813
0.608375,-0.0895625
0.608625,-0.0891562
0.608875,-0.089625
0.609125,-0.0891562
0.609375,-0.0892813
0.609625,-0.0894063
0.609875,-0.0891875
0.610125,-0.0895
0.610375,-0.089
0.610625,-0.0895625
0.610875,-0.0890938
0.611125,-0.089625
0.611375,-0.0893437
0.611625,-0.089875
0.611875,-0.0892813
0.612125,-0.0894687
0.612375,-0.0893125
0.612625,-0.0891875
0.612875,-0.0894063
0.613125,-0.0891562
0.613375,-0.0892813
0.613625,-0.0887813
0.613875,-0.0897812
0.614125,-0.0890312
0.614375,-0.0894687
0.614625,-0.0892813
0.614875,-0.0896562
0.615125,-0.0890312
0.615375,-0.0897188
0.615625,-0.0892813
0.615875,-0.0893437
0.616125,-0.0893437
0.616375,-0.08875
0.616625,-0.0895313
0.616875,-0.089
0.617125,-0.089625
0.617375,-0.0892188
0.617625,-0.0895
0.617875,-0.089125
0.618125,-0.0896875
0.618375,-0.0895
0.618625,-0.0894063
0.618875,-0.0894375
0.619125,-0.0890312
0.619375,-0.0895
0.619625,-0.0894687
0.619875,-0.0895625
0.620125,-0.0891562
0.620375,-0.0896562
0.620625,-0.0890625
0.620875,-0.0895938
0.621125,-0.0892188
0.621375,-0.089875
0.621625,-0.0893437
0.621875,-0.089
0.622125,-0.0893125
0.622375,-0.0887813
0.622625,-0.0894687
0.622875,-0.0890938
0.623125,-0.0896562
0.623375,-0.089
0.623625,-0.089625
0.623875,-0.08925
0.624125,-0.089625
0.624375,-0.0890312
0.624625,-0.089875
0.624875,-0.089
0.625125,-0.0890312
0.625375,-0.0892813
0.625625,-0.0889063
0.625875,-0.0894375
0.626125,-0.089
0.626375,-0.0894375
0.626625,-0.0890625
0.626875,-0.0895
0.627125,-0.0890938
0.627375,-0.08975
0.627625,-0.0892813
0.627875,-0.0896875
0.628125,-0.0892188
0.628375,-0.0893125
0.628625,-0.089375
0.628875,-0.089
0.629125,-0.0894063
0.629375,-0.0890312
0.629625,-0.0894375
0.629875,-0.0890938
0.630125,-0.0895938
0.630375,-0.0890625
0.630625,-0.0896562
0.630875,-0.0893125
0.631125,-0.0895
0.631375,-0.0891875
0.631625,-0.0892813
0.631875,-0.089375
0.632125,-0.0891562
0.632375,-0.0896562
0.632625,-0.0892188
0.632875,-0.0895
0.633125,-0.0890625
0.633375,-0.0896562
0.633625,-0.089125
0.633875,-0.089625
0.634125,-0.089125
0.634375,-0.0892813
0.634625,-0.0893125
0.634875,-0.0892813
0.635125,-0.0890938
0.635375,-0.089
0.635625,-0.0894063
0.635875,-0.088875
0.636125,-0.0896875
0.636375,-0.0889687
0.636625,-0.0895938
0.636875,-0.089
0.637125,-0.0898125
0.637375,-0.0891875
0.637625,-0.0896875
0.637875,-0.0891562
0.638125,-0.089375
0.638375,-0.089375
0.638625,-0.0890625
0.638875,-0.0894375
0.639125,-0.0890938
0.639375,-0.08975
0.639625,-0.0889375
0.639875,-0.0895938
0.640125,-0.0892188
0.640375,-0.0898438
0.640625,-0.089375
0.640875,-0.089375
0.641125,-0.089375
0.641375,-0.0889375
0.641625,-0.0894375
0.641875,-0.089125
0.642125,-0.0895625
0.642375,-0.0892188
0.642625,-0.0895
0.642875,-0.0890938
0.643125,-0.0895938
0.643375,-0.0891562
0.643625,-0.0895938
0.643875,-0.089125
0.644125,-0.0891562
0.644375,-0.0892813
0.644625,-0.089
0.644875,-0.0894375
0.645125,-0.0893125
0.645375,-0.0895
0.645625,-0.0891875
0.645875,-0.0895625
0.646125,-0.0890625
0.646375,-0.0896562
0.646625,-0.0890938
0.646875,-0.0899063
0.647125,-0.0892813
0.647375,-0.0893125
0.647625,-0.0893437
0.647875,-0.0892813
0.648125,-0.089375
0.648375,-0.0891562
0.648625,-0.0894687
0.648875,-0.0891562
0.649125,-0.0897188
0.649375,-0.0890625
0.649625,-0.0896875
0.649875,-0.0891562
0.650125,-0.0898125
0.650375,-0.0894063
0.650625,-0.0891562
0.650875,-0.08925
0.651125,-0.0887187
0.651375,-0.0894375
0.651625,-0.0892813
0.651875,-0.0896562
0.652125,-0.089125
0.652375,-0.0893437
0.652625,-0.08925
0.652875,-0.0895938
0.653125,-0.0893437
0.653375,-0.0899063
0.653625,-0.0892813
0.653875,-0.0894687
0.654125,-0.0895
0.654375,-0.0893437
0.654625,-0.0893125
0.654875,-0.08925
0.655125,-0.0895938
0.655375,-0.0891562
0.655625,-0.089625
0.655875,-0.0890625
0.656125,-0.0896562
0.656375,-0.089125
0.656625,-0.090125
0.656875,-0.0894375
0.657125,-0.0895
0.657375,-0.0894375
0.657625,-0.089375
0.657875,-0.0898125
0.658125,-0.0892813
0.658375,-0.0895625
0.658625,-0.0892188
0.658875,-0.0895938
0.659125,-0.0894375
0.659375,-0.0895938
0.659625,-0.0893125
0.659875,-0.0898438
0.660125,-0.0892813
0.660375,-0.0890625
0.660625,-0.0894063
0.660875,-0.088875
0.661125,-0.0893437
0.661375,-0.0890625
0.661625,-0.0895313
0.661875,-0.0890312
0.662125,-0.0897188
0.662375,-0.0891562
0.662625,-0.0895938
0.662875,-0.0891562
0.663125,-0.08975
0.663375,-0.0893125
0.663625,-0.0891875
0.663875,-0.0896562
0.664125,-0.0890312
0.664375,-0.0895625
0.664625,-0.089125
0.664875,-0.0894375
0.665125,-0.0891875
0.665375,-0.089625
0.665625,-0.0892188
0.665875,-0.08975
0.666125,-0.0890312
0.666375,-0.0898125
0.666625,-0.0893125
0.666875,-0.0895313
0.667125,-0.089
0.667375,-0.089375
0.667625,-0.0894687
0.667875,-0.0893125
0.668125,-0.0895938
0.668375,-0.0890938
0.668625,-0.0895313
0.668875,-0.0891562
0.669125,-0.0897812
0.669375,-0.0891562
0.669625,-0.0898438
0.669875,-0.089375
0.670125,-0.0893125
0.670375,-0.0894375
0.670625,-0.0889375
0.670875,-0.0893437
0.671125,-0.089
0.671375,-0.0897188
0.671625,-0.0890938
0.671875,-0.0898125
0.672125,-0.0892813
0.672375,-0.0897812
0.672625,-0.0894063
0.672875,-0.0896875
0.673125,-0.0893437
0.673375,-0.0894063
0.673625,-0.0895
0.673875,-0.0890938
0.674125,-0.0895
0.674375,-0.0892813
0.674625,-0.0895625
0.674875,-0.0890312
0.675125,-0.0894687
0.675375,-0.0892188
0.675625,-0.0897812
0.675875,-0.0894375
0.676125,-0.0896562
0.676375,-0.0892188
0.676625,-0.0889687
0.676875,-0.0894687
0.677125,-0.0888125
0.677375,-0.0895625
0.677625,-0.089
0.677875,-0.0899063
0.678125,-0.0890938
0.678375,-0.0897188
0.678625,-0.0891562
0.678875,-0.0896875
0.679125,-0.0891875
0.679375,-0.0897812
0.679625,-0.0895313
0.679875,-0.08925
0.680125,-0.0893437
0.680375,-0.089
0.680625,-0.0896562
0.680875,-0.0890312
0.681125,-0.0897188
0.681375,-0.0892813
0.681625,-0.08975
0.681875,-0.089375
0.682125,-0.0896562
0.682375,-0.0892188
0.682625,-0.0897188
0.682875,-0.0893437
0.683125,-0.0895313
0.683375,-0.0895313
0.683625,-0.0893437
0.683875,-0.089625
0.684125,-0.0891562
0.684375,-0.0896875
0.684625,-0.0890625
0.684875,-0.0896562
0.685125,-0.0891562
0.685375,-0.0897812
0.685625,-0.0894375
0.685875,-0.0900937
0.686125,-0.08925
0.686375,-0.0890312
0.686625,-0.0894375
0.686875,-0.089
0.687125,-0.0895
0.687375,-0.0889375
0.687625,-0.0895
0.687875,-0.0891562
0.688125,-0.0895625
0.688375,-0.0893437
0.688625,-0.0896875
0.688875,-0.0895
0.689125,-0.0895
0.689375,-0.0894063
0.689625,-0.0895938
0.689875,-0.089375
0.690125,-0.0892813
0.690375,-0.0896875
0.690625,-0.0892188
0.690875,-0.0896562
0.691125,-0.0891562
0.691375,-0.0896562
0.691625,-0.08925
0.691875,-0.08975
0.692125,-0.0891562
0.692375,-0.0893437
0.692625,-0.0893437
0.692875,-0.0894687
0.693125,-0.0894687
0.693375,-0.0893437
0.693625,-0.08975
0.693875,-0.0891562
0.694125,-0.0897812
0.694375,-0.0890938
0.694625,-0.0896562
0.694875,-0.0891562
0.695125,-0.0897188
0.695375,-0.0891875
0.695625,-0.0899063
0.695875,-0.0895
0.696125,-0.0895
0.696375,-0.0892813
0.696625,-0.0889063
0.696875,-0.0895
0.697125,-0.0888125
0.697375,-0.0896562
0.697625,-0.0890938
0.697875,-0.0895625
0.698125,-0.0891562
0.698375,-0.09
0.698625,-0.0893437
0.698875,-0.089625
0.699125,-0.0891562
0.699375,-0.0891875
0.699625,-0.0895313
0.699875,-0.0891562
0.700125,-0.0895625
0.700375,-0.08925
0.700625,-0.0896875
0.700875,-0.0891875
0.701125,-0.0896562
0.701375,-0.0894375
0.701625,-0.0899375
0.701875,-0.0894687
0.702125,-0.0890625
0.702375,-0.0894375
0.702625,-0.0889687
0.702875,-0.0895938
0.703125,-0.0890312
0.703375,-0.08975
0.703625,-0.089125
0.703875,-0.0896562
0.704125,-0.0890938
0.704375,-0.0899063
0.704625,-0.089375
0.704875,-0.090125
0.705125,-0.0892813
0.705375,-0.0894687
0.705625,-0.0895
0.705875,-0.0890625
0.706125,-0.0894375
0.706375,-0.0890312
0.706625,-0.0896562
0.706875,-0.0890312
0.707125,-0.0896875
0.707375,-0.0893437
0.707625,-0.08975
0.707875,-0.0892813
0.708125,-0.0899063
0.708375,-0.0893125
0.708625,-0.0894063
0.708875,-0.089625
0.709125,-0.0892188
0.709375,-0.0895938
0.709625,-0.0891562
0.709875,-0.0896875
0.710125,-0.0892188
0.710375,-0.0897812
0.710625,-0.08925
0.710875,-0.0899687
0.711125,-0.0892813
0.711375,-0.0892188
0.711625,-0.0894687
0.711875,-0.0890938
0.712125,-0.0894687
0.712375,-0.0892813
0.712625,-0.089625
0.712875,-0.08925
0.713125,-0.0897812
0.713375,-0.089
0.713625,-0.0896562
0.713875,-0.0893125
0.714125,-0.089875
0.714375,-0.0893125
0.714625,-0.0890938
0.714875,-0.0895
0.715125,-0.0891562
0.715375,-0.0894687
0.715625,-0.0891875
0.715875,-0.0896562
0.716125,-0.0892188
0.716375,-0.0897812
0.716625,-0.0892188
0.716875,-0.0897188
0.717125,-0.0891562
0.717375,-0.08975
0.717625,-0.089375
0.717875,-0.0893437
0.718125,-0.089375
0.718375,-0.0889063
0.718625,-0.0893437
0.718875,-0.0891875
0.719125,-0.0895
0.719375,-0.0892813
0.719625,-0.0897812
0.719875,-0.0891562
0.720125,-0.0897812
0.720375,-0.089375
0.720625,-0.0898438
0.720875,-0.0892813
0.721125,-0.0895625
0.721375,-0.0896562
0.721625,-0.0892188
0.721875,-0.0895313
0.722125,-0.0891875
0.722375,-0.0895313
0.722625,-0.0891875
0.722875,-0.0897188
0.723125,-0.0894687
0.723375,-0.0899375
0.723625,-0.0893125
0.723875,-0.0890938
0.724125,-0.0892813
0.724375,-0.089125
0.724625,-0.0895625
0.724875,-0.089375
0.725125,-0.089625
0.725375,-0.089
0.725625,-0.089625
0.725875,-0.089
0.726125,-0.0897188
0.726375,-0.08925
0.726625,-0.0899375
0.726875,-0.0891875
0.727125,-0.0896562
0.727375,-0.089125
0.727625,-0.0894687
0.727875,-0.0893437
0.728125,-0.0894063
0.728375,-0.0894375
0.728625,-0.0891875
0.728875,-0.0895
0.729125,-0.0891562
0.729375,-0.0897188
0.729625,-0.0891562
0.729875,-0.09
0.730125,-0.089375
0.730375,-0.0893125
0.730625,-0.0895313
0.730875,-0.0892188
0.731125,-0.0894375
0.731375,-0.0888437
0.731625,-0.0896562
0.731875,-0.089
0.732125,-0.0897812
0.732375,-0.0891562
0.732625,-0.0899063
0.732875,-0.0890625
0.733125,-0.0898438
0.733375,-0.089375
0.733625,-0.0894375
0.733875,-0.0895
0.734125,-0.0891875
0.734375,-0.0898438
0.734625,-0.0889687
0.734875,-0.0897812
0.735125,-0.0890312
0.735375,-0.0896875
0.735625,-0.0891562
0.735875,-0.08975
0.736125,-0.0893437
0.736375,-0.0899063
0.736625,-0.0893437
0.736875,-0.0889687
0.737125,-0.0893437
0.737375,-0.089
0.737625,-0.0895
0.737875,-0.089
0.738125,-0.0894375
0.738375,-0.0892188
0.738625,-0.0898438
0.738875,-0.0891562
0.739125,-0.0896875
0.739375,-0.0892188
0.739625,-0.0894375
0.739875,-0.0894687
0.740125,-0.0891562
0.740375,-0.0894375
0.740625,-0.0892188
0.740875,-0.0896875
0.741125,-0.089125
0.741375,-0.0897188
0.741625,-0.0892188
0.741875,-0.0896562
0.742125,-0.0893125
0.742375,-0.089875
0.742625,-0.0891562
0.742875,-0.0892188
0.743125,-0.0893437
0.743375,-0.0888437
0.743625,-0.0893437
0.743875,-0.0887187
0.744125,-0.0895
0.744375,-0.0890312
0.744625,-0.0895938
0.744875,-0.0891875
0.745125,-0.0897188
0.745375,-0.0892188
0.745625,-0.0899375
0.745875,-0.0892813
0.746125,-0.0892813
0.746375,-0.0892188
0.746625,-0.0891875
0.746875,-0.08975
0.747125,-0.0890938
0.747375,-0.089625
0.747625,-0.089
0.747875,-0.08975
0.748125,-0.0890938
0.748375,-0.0897188
0.748625,-0.0892188
0.748875,-0.0899063
0.749125,-0.0890625
0.749375,-0.0891562
0.749625,-0.0895
0.749875,-0.0890625
0.750125,-0.0895
0.750375,-0.08925
0.750625,-0.0894687
0.750875,-0.089
0.751125,-0.0895625
0.751375,-0.08925
0.751625,-0.089875
0.751875,-0.0892188
0.752125,-0.089875
0.752375,-0.08925
0.752625,-0.0892188
0.752875,-0.0893437
0.753125,-0.0891562
0.753375,-0.0895625
0.753625,-0.0893437
0.753875,-0.0895938
0.754125,-0.089125
0.754375,-0.0899063
0.754625,-0.089125
0.754875,-0.0896875
0.755125,-0.0894687
0.755375,-0.09
0.755625,-0.0894375
0.755875,-0.0893437
0.756125,-0.0892813
0.756375,-0.088875
0.756625,-0.0895313
0.756875,-0.0890625
0.757125,-0.089625
0.757375,-0.0890938
0.757625,-0.0896875
0.757875,-0.0893125
0.758125,-0.0896875
0.758375,-0.0895
0.758625,-0.0895
0.758875,-0.0895
0.759125,-0.0891562
0.759375,-0.0894687
0.759625,-0.0891875
0.759875,-0.0896562
0.760125,-0.0890312
0.760375,-0.0895313
0.760625,-0.0892188
0.760875,-0.089875
0.761125,-0.0893437
0.761375,-0.0898125
0.761625,-0.0894687
0.761875,-0.0893125
0.762125,-0.089375
0.762375,-0.0889687
0.762625,-0.0895
0.762875,-0.0890938
0.763125,-0.0895625
0.763375,-0.0894063
0.763625,-0.0897812
0.763875,-0.0892813
0.764125,-0.0898125
0.764375,-0.0894375
0.764625,-0.0899687
0.764875,-0.0891562
0.765125,-0.0890938
0.765375,-0.0895313
0.765625,-0.0889687
0.765875,-0.0894375
0.766125,-0.0891875
0.766375,-0.0895625
0.766625,-0.0892813
0.766875,-0.0895938
0.767125,-0.0892188
0.767375,-0.0896562
0.767625,-0.0893437
0.767875,-0.0897188
0.768125,-0.089375
0.768375,-0.089375
0.768625,-0.0895
0.768875,-0.0890938
0.769125,-0.0894687
0.769375,-0.0893125
0.769625,-0.0895938
0.769875,-0.0891562
0.770125,-0.0899063
0.770375,-0.08925
0.770625,-0.0897188
0.770875,-0.0892813
0.771125,-0.0898125
0.771375,-0.0894687
0.771625,-0.089375
0.771875,-0.0896562
0.772125,-0.0892813
0.772375,-0.0895313
0.772625,-0.0891875
0.772875,-0.08975
0.773125,-0.0891875
0.773375,-0.089875
0.773625,-0.089375
0.773875,-0.089875
0.774125,-0.0893437
0.774375,-0.0897812
0.774625,-0.0895938
0.774875,-0.0895
0.775125,-0.0893437
0.775375,-0.0892813
0.775625,-0.0895938
0.775875,-0.0892813
0.776125,-0.0896562
0.776375,-0.0889063
0.776625,-0.0897812
0.776875,-0.0890938
0.777125,-0.0899375
0.777375,-0.0891875
0.777625,-0.089875
0.777875,-0.0892813
0.778125,-0.0894375
0.778375,-0.0895
0.778625,-0.0893125
0.778875,-0.0896562
0.779125,-0.0893437
0.779375,-0.0899063
0.779625,-0.0890938
0.779875,-0.0895313
0.780125,-0.0894687
0.780375,-0.0897812
0.780625,-0.089375
0.780875,-0.0892813
0.781125,-0.0895938
0.781375,-0.0890625
0.781625,-0.0898438
0.781875,-0.089
0.782125,-0.0896562
0.782375,-0.0891875
0.782625,-0.0897812
0.782875,-0.0893125
0.783125,-0.08975
0.783375,-0.0893437
0.783625,-0.089875
0.783875,-0.0895
0.784125,-0.089375
0.784375,-0.089375
0.784625,-0.0890312
0.784875,-0.0895
0.785125,-0.0890938
0.785375,-0.0895938
0.785625,-0.0890625
0.785875,-0.0896562
0.786125,-0.0892188
0.786375,-0.089875
0.786625,-0.0891562
0.786875,-0.09
0.787125,-0.0893437
0.787375,-0.089375
0.787625,-0.0894063
0.787875,-0.089
0.788125,-0.0896875
0.788375,-0.0889687
0.788625,-0.0895
0.788875,-0.0890938
0.789125,-0.0897188
0.789375,-0.0892813
0.789625,-0.0896875
0.789875,-0.089375
0.790125,-0.0895313
0.790375,-0.0893125
0.790625,-0.08925
0.790875,-0.0895
0.791125,-0.0892813
0.791375,-0.0895
0.791625,-0.0890625
0.791875,-0.0895625
0.792125,-0.0892188
0.792375,-0.089875
0.792625,-0.089375
0.792875,-0.0898125
0.793125,-0.0892188
0.793375,-0.0892188
0.793625,-0.0894687
0.793875,-0.089
0.794125,-0.0895
0.794375,-0.0891562
0.794625,-0.0896875
0.794875,-0.0891875
0.795125,-0.0898125
0.795375,-0.0891875
0.795625,-0.0897812
0.795875,-0.0891562
0.796125,-0.089875
0.796375,-0.0892813
0.796625,-0.08975
0.796875,-0.0893125
0.797125,-0.089625
0.797375,-0.0894063
0.797625,-0.0893125
0.797875,-0.0895
0.798125,-0.0892813
0.798375,-0.0895313
0.798625,-0.0892813
0.798875,-0.0898438
0.799125,-0.089375
0.799375,-0.0900625
0.799625,-0.0893437
0.799875,-0.0893125
0.800125,-0.0895625
0.800375,-0.089
0.800625,-0.0894375
0.800875,-0.0893125
0.801125,-0.0896875
0.801375,-0.0890625
0.801625,-0.0896562
0.801875,-0.0892188
0.802125,-0.0897812
0.802375,-0.08925
0.802625,-0.09
0.802875,-0.0895
0.803125,-0.089375
0.803375,-0.0894063
0.803625,-0.0891562
0.803875,-0.0893437
0.804125,-0.0889375
0.804375,-0.0895625
0.804625,-0.0891875
0.804875,-0.0898438
0.805125,-0.08925
0.805375,-0.0897188
0.805625,-0.08925
0.805875,-0.0899375
0.806125,-0.0895938
0.806375,-0.0893437
0.806625,-0.0894375
0.806875,-0.08925
0.807125,-0.0896562
0.807375,-0.0891875
0.807625,-0.0896562
0.807875,-0.0891562
0.808125,-0.0897188
0.808375,-0.0892188
0.808625,-0.0898125
0.808875,-0.0892813
0.809125,-0.0897812
0.809375,-0.0892813
0.809625,-0.0891875
0.809875,-0.0895313
0.810125,-0.0889687
0.810375,-0.0894063
0.810625,-0.0893437
0.810875,-0.0895
0.811125,-0.0889687
0.811375,-0.0898125
0.811625,-0.0893437
